%YAML:1.0
    CameraRightIntrix: !!opencv-matrix
        rows: 3
        cols: 3
        dt: d
        data: [ 1293.046331, 0.000000, 651.410555, 
            0.000000, 1293.119312, 532.659333, 0.000000, 
            0.000000, 1.000000]
