%YAML:1.0
    CameraLeftIntrix: !!opencv-matrix
        rows: 3
        cols: 3
        dt: d
        data: [ 1286.577113, 0.000000, 646.346724, 
            0.000000, 1287.165210, 538.395451, 0.000000, 
            0.000000, 1.000000]
