%YAML:1.0
    R: !!opencv-matrix
        rows: 3
        cols: 3
        dt: d
        data: [ 0.999971, 0.005400, -0.005423, 
            -0.005323, 0.999884, 0.014245, 0.005500, 
            -0.014216, 0.999884]
